<cross-s.>      1.01      1.00400000D-03    232.04    0    3
 1.59941D+04
 5.08325D+03
 1.09109D+04
<cross-s.>      1.01      2.00900000D-03    232.04    0    3
 1.45875D+04
 3.70906D+03
 1.08784D+04
<cross-s.>      1.01      5.02200000D-03    232.04    0    3
 1.33655D+04
 2.56817D+03
 1.07974D+04
<cross-s.>      1.01      1.00400000D-02    232.04    0    3
 1.27615D+04
 2.08027D+03
 1.06812D+04
<cross-s.>      1.01      2.00900000D-02    232.04    0    3
 1.23206D+04
 1.84546D+03
 1.04752D+04
<cross-s.>      1.01      5.02200000D-02    232.04    0    3
 1.18047D+04
 1.86946D+03
 9.93523D+03
<cross-s.>      1.01      1.00430000D-01    232.04    0    3
 1.12645D+04
 2.10405D+03
 9.16043D+03
<cross-s.>      1.01      2.00870000D-01    232.04    0    3
 1.02974D+04
 2.42106D+03
 7.87639D+03
<cross-s.>      1.01      3.01300000D-01    232.04    0    3
 9.37031D+03
 2.54195D+03
 6.82835D+03
<cross-s.>      1.01      4.01740000D-01    232.04    0    3
 8.51179D+03
 2.56172D+03
 5.95007D+03
<cross-s.>      1.01      5.02170000D-01    232.04    0    3
 7.75550D+03
 2.54637D+03
 5.20913D+03
<cross-s.>      1.01      6.02610000D-01    232.04    0    3
 7.12559D+03
 2.53825D+03
 4.58735D+03
<cross-s.>      1.01      7.03040000D-01    232.04    0    3
 6.64006D+03
 2.56511D+03
 4.07495D+03
<cross-s.>      1.01      8.03480000D-01    232.04    0    3
 6.30785D+03
 2.64237D+03
 3.66548D+03
<cross-s.>      1.01      9.03910000D-01    232.04    0    3
 6.13103D+03
 2.77508D+03
 3.35596D+03
<cross-s.>      1.01      1.00435000D+00    232.04    0    3
 6.09969D+03
 2.95555D+03
 3.14414D+03
<cross-s.>      1.01      1.10478000D+00    232.04    0    3
 6.19133D+03
 3.16407D+03
 3.02726D+03
<cross-s.>      1.01      1.20522000D+00    232.04    0    3
 6.36483D+03
 3.36885D+03
 2.99598D+03
<cross-s.>      1.01      1.30565000D+00    232.04    0    3
 6.57475D+03
 3.53958D+03
 3.03517D+03
<cross-s.>      1.01      1.40609000D+00    232.04    0    3
 6.78360D+03
 3.65748D+03
 3.12612D+03
<cross-s.>      1.01      1.50652000D+00    232.04    0    3
 6.97070D+03
 3.71951D+03
 3.25120D+03
<cross-s.>      1.01      1.60696000D+00    232.04    0    3
 7.12983D+03
 3.73320D+03
 3.39663D+03
<cross-s.>      1.01      1.70739000D+00    232.04    0    3
 7.26277D+03
 3.71013D+03
 3.55264D+03
<cross-s.>      1.01      1.80782000D+00    232.04    0    3
 7.37393D+03
 3.66149D+03
 3.71245D+03
<cross-s.>      1.01      1.90826000D+00    232.04    0    3
 7.46771D+03
 3.59638D+03
 3.87133D+03
<cross-s.>      1.01      2.00869000D+00    232.04    0    3
 7.54744D+03
 3.52171D+03
 4.02572D+03
<cross-s.>      1.01      2.20956000D+00    232.04    0    3
 7.67676D+03
 3.36388D+03
 4.31288D+03
<cross-s.>      1.01      2.41043000D+00    232.04    0    3
 7.77885D+03
 3.21444D+03
 4.56441D+03
<cross-s.>      1.01      2.61130000D+00    232.04    0    3
 7.86178D+03
 3.08357D+03
 4.77821D+03
<cross-s.>      1.01      2.81217000D+00    232.04    0    3
 7.92750D+03
 2.97223D+03
 4.95527D+03
<cross-s.>      1.01      3.01304000D+00    232.04    0    3
 7.97539D+03
 2.87846D+03
 5.09693D+03
<cross-s.>      1.01      3.21391000D+00    232.04    0    3
 8.00485D+03
 2.79991D+03
 5.20494D+03
<cross-s.>      1.01      3.41478000D+00    232.04    0    3
 8.01582D+03
 2.73484D+03
 5.28098D+03
<cross-s.>      1.01      3.61565000D+00    232.04    0    3
 8.00841D+03
 2.68160D+03
 5.32681D+03
<cross-s.>      1.01      3.81652000D+00    232.04    0    3
 7.98404D+03
 2.63920D+03
 5.34483D+03
<cross-s.>      1.01      4.01739000D+00    232.04    0    3
 7.94417D+03
 2.60661D+03
 5.33755D+03
<cross-s.>      1.01      4.51956000D+00    232.04    0    3
 7.78689D+03
 2.56251D+03
 5.22437D+03
<cross-s.>      1.01      5.02174000D+00    232.04    0    3
 7.57684D+03
 2.56807D+03
 5.00877D+03
<cross-s.>      1.01      5.52391000D+00    232.04    0    3
 7.35245D+03
 2.62001D+03
 4.73244D+03
<cross-s.>      1.01      6.02608000D+00    232.04    0    3
 7.13958D+03
 2.70717D+03
 4.43240D+03
<cross-s.>      1.01      6.52826000D+00    232.04    0    3
 6.93895D+03
 2.80292D+03
 4.13603D+03
<cross-s.>      1.01      7.03043000D+00    232.04    0    3
 6.73681D+03
 2.87882D+03
 3.85800D+03
<cross-s.>      1.01      7.53260000D+00    232.04    0    3
 6.52680D+03
 2.92251D+03
 3.60429D+03
<cross-s.>      1.01      8.03478000D+00    232.04    0    3
 6.31593D+03
 2.93769D+03
 3.37824D+03
<cross-s.>      1.01      8.53695000D+00    232.04    0    3
 6.11490D+03
 2.93352D+03
 3.18138D+03
<cross-s.>      1.01      9.03912000D+00    232.04    0    3
 5.93409D+03
 2.91892D+03
 3.01517D+03
<cross-s.>      1.01      9.54130000D+00    232.04    0    3
 5.78042D+03
 2.90101D+03
 2.87941D+03
<cross-s.>      1.01      1.00434700D+01    232.04    0    3
 5.65868D+03
 2.88459D+03
 2.77408D+03
<cross-s.>      1.01      1.05456400D+01    232.04    0    3
 5.57027D+03
 2.87195D+03
 2.69832D+03
<cross-s.>      1.01      1.10478200D+01    232.04    0    3
 5.51381D+03
 2.86332D+03
 2.65049D+03
<cross-s.>      1.01      1.15499900D+01    232.04    0    3
 5.48578D+03
 2.85771D+03
 2.62808D+03
<cross-s.>      1.01      1.20521600D+01    232.04    0    3
 5.48161D+03
 2.85373D+03
 2.62788D+03
<cross-s.>      1.01      1.25543400D+01    232.04    0    3
 5.49650D+03
 2.85023D+03
 2.64627D+03
<cross-s.>      1.01      1.30565100D+01    232.04    0    3
 5.52608D+03
 2.84658D+03
 2.67950D+03
<cross-s.>      1.01      1.35586800D+01    232.04    0    3
 5.56648D+03
 2.84260D+03
 2.72388D+03
<cross-s.>      1.01      1.40608600D+01    232.04    0    3
 5.61491D+03
 2.83859D+03
 2.77632D+03
<cross-s.>      1.01      1.45630300D+01    232.04    0    3
 5.66874D+03
 2.83490D+03
 2.83384D+03
<cross-s.>      1.01      1.50652000D+01    232.04    0    3
 5.72595D+03
 2.83194D+03
 2.89401D+03
<cross-s.>      1.01      1.55673800D+01    232.04    0    3
 5.78486D+03
 2.82996D+03
 2.95491D+03
<cross-s.>      1.01      1.60695500D+01    232.04    0    3
 5.84382D+03
 2.82900D+03
 3.01482D+03
<cross-s.>      1.01      1.65717300D+01    232.04    0    3
 5.90120D+03
 2.82893D+03
 3.07227D+03
<cross-s.>      1.01      1.70739000D+01    232.04    0    3
 5.95560D+03
 2.82945D+03
 3.12616D+03
<cross-s.>      1.01      1.75760700D+01    232.04    0    3
 6.00565D+03
 2.83020D+03
 3.17546D+03
<cross-s.>      1.01      1.80782500D+01    232.04    0    3
 6.05037D+03
 2.83083D+03
 3.21954D+03
<cross-s.>      1.01      1.85804200D+01    232.04    0    3
 6.08863D+03
 2.83104D+03
 3.25759D+03
<cross-s.>      1.01      1.90825900D+01    232.04    0    3
 6.12001D+03
 2.83059D+03
 3.28942D+03
<cross-s.>      1.01      1.95847700D+01    232.04    0    3
 6.14398D+03
 2.82936D+03
 3.31462D+03
<cross-s.>      1.01      2.00869400D+01    232.04    0    3
 6.16043D+03
 2.82728D+03
 3.33315D+03
<cross-s.>      1.01      4.01740000D-01    232.04   89    1
 5.25462D-45
<cross-s.>      1.01      5.02170000D-01    232.04   89    1
 1.02466D-38
<cross-s.>      1.01      6.02610000D-01    232.04   89    1
 4.41092D-34
<cross-s.>      1.01      7.03040000D-01    232.04   89    1
 1.73221D-30
<cross-s.>      1.01      8.03470000D-01    232.04   89    1
 3.84158D-27
<cross-s.>      1.01      9.03910000D-01    232.04   89    1
 9.48678D-25
<cross-s.>      1.01      1.00434000D+00    232.04   89    1
 9.92727D-23
<cross-s.>      1.01      1.10478000D+00    232.04   89    1
 5.39085D-21
<cross-s.>      1.01      1.20521000D+00    232.04   89    1
 1.74638D-19
<cross-s.>      1.01      1.30565000D+00    232.04   89    1
 3.73849D-18
<cross-s.>      1.01      1.40608000D+00    232.04   89    1
 5.70053D-17
<cross-s.>      1.01      1.50652000D+00    232.04   89    1
 6.56260D-16
<cross-s.>      1.01      1.60695000D+00    232.04   89    1
 5.96229D-15
<cross-s.>      1.01      1.70738000D+00    232.04   89    1
 4.43007D-14
<cross-s.>      1.01      1.80782000D+00    232.04   89    1
 2.76996D-13
<cross-s.>      1.01      1.90825000D+00    232.04   89    1
 1.49095D-12
<cross-s.>      1.01      2.00869000D+00    232.04   89    1
 7.04314D-12
<cross-s.>      1.01      2.20956000D+00    232.04   89    1
 1.12794D-10
<cross-s.>      1.01      2.41042000D+00    232.04   89    1
 1.25519D-09
<cross-s.>      1.01      2.61129000D+00    232.04   89    1
 1.04245D-08
<cross-s.>      1.01      2.81216000D+00    232.04   89    1
 6.81202D-08
<cross-s.>      1.01      3.01303000D+00    232.04   89    1
 3.64652D-07
<cross-s.>      1.01      3.21390000D+00    232.04   89    1
 1.64989D-06
<cross-s.>      1.01      3.41477000D+00    232.04   89    1
 6.46784D-06
<cross-s.>      1.01      3.61564000D+00    232.04   89    1
 2.24081D-05
<cross-s.>      1.01      3.81651000D+00    232.04   89    1
 6.97278D-05
<cross-s.>      1.01      4.01737000D+00    232.04   89    1
 1.97476D-04
<cross-s.>      1.01      4.51955000D+00    232.04   89    1
 1.89123D-03
<cross-s.>      1.01      5.02172000D+00    232.04   89    1
 1.22338D-02
<cross-s.>      1.01      5.52389000D+00    232.04   89    1
 5.84614D-02
<cross-s.>      1.01      6.02606000D+00    232.04   89    1
 2.20012D-01
<cross-s.>      1.01      6.52823000D+00    232.04   89    1
 6.83836D-01
<cross-s.>      1.01      7.03040000D+00    232.04   89    1
 1.82051D+00
<cross-s.>      1.01      7.53258000D+00    232.04   89    1
 4.27037D+00
<cross-s.>      1.01      8.03475000D+00    232.04   89    1
 9.02231D+00
<cross-s.>      1.01      8.53692000D+00    232.04   89    1
 1.74649D+01
<cross-s.>      1.01      9.03909000D+00    232.04   89    1
 3.13775D+01
<cross-s.>      1.01      9.54126000D+00    232.04   89    1
 5.28128D+01
<cross-s.>      1.01      1.00434300D+01    232.04   89    1
 8.38079D+01
<cross-s.>      1.01      1.05456000D+01    232.04   89    1
 1.25889D+02
<cross-s.>      1.01      1.10477800D+01    232.04   89    1
 1.79474D+02
<cross-s.>      1.01      1.15499500D+01    232.04   89    1
 2.43444D+02
<cross-s.>      1.01      1.20521200D+01    232.04   89    1
 3.15225D+02
<cross-s.>      1.01      1.25542900D+01    232.04   89    1
 3.91403D+02
<cross-s.>      1.01      1.30564600D+01    232.04   89    1
 4.68628D+02
<cross-s.>      1.01      1.35586300D+01    232.04   89    1
 5.44376D+02
<cross-s.>      1.01      1.40608100D+01    232.04   89    1
 6.17273D+02
<cross-s.>      1.01      1.45629800D+01    232.04   89    1
 6.86940D+02
<cross-s.>      1.01      1.50651500D+01    232.04   89    1
 7.53597D+02
<cross-s.>      1.01      1.55673200D+01    232.04   89    1
 8.17672D+02
<cross-s.>      1.01      1.60694900D+01    232.04   89    1
 8.79551D+02
<cross-s.>      1.01      1.65716600D+01    232.04   89    1
 9.39486D+02
<cross-s.>      1.01      1.70738400D+01    232.04   89    1
 9.97574D+02
<cross-s.>      2.01      4.03490000D-01    231.04   89    1
 8.16089D-64
<cross-s.>      2.01      5.04360000D-01    231.04   89    1
 6.19414D-55
<cross-s.>      2.01      6.05230000D-01    231.04   89    1
 1.92908D-48
<cross-s.>      2.01      7.06100000D-01    231.04   89    1
 2.24626D-43
<cross-s.>      2.01      8.06970000D-01    231.04   89    1
 2.65186D-39
<cross-s.>      2.01      9.07850000D-01    231.04   89    1
 6.12602D-36
<cross-s.>      2.01      1.00872000D+00    231.04   89    1
 4.20939D-33
<cross-s.>      2.01      1.10959000D+00    231.04   89    1
 5.21399D-30
<cross-s.>      2.01      1.21046000D+00    231.04   89    1
 6.83772D-28
<cross-s.>      2.01      1.31133000D+00    231.04   89    1
 4.97322D-26
<cross-s.>      2.01      1.41220000D+00    231.04   89    1
 2.23987D-24
<cross-s.>      2.01      1.51308000D+00    231.04   89    1
 6.78085D-23
<cross-s.>      2.01      1.61395000D+00    231.04   89    1
 1.46928D-21
<cross-s.>      2.01      1.71482000D+00    231.04   89    1
 2.39681D-20
<cross-s.>      2.01      1.81569000D+00    231.04   89    1
 3.06454D-19
<cross-s.>      2.01      1.91656000D+00    231.04   89    1
 3.17334D-18
<cross-s.>      2.01      2.01744000D+00    231.04   89    1
 2.73445D-17
<cross-s.>      2.01      2.21918000D+00    231.04   89    1
 1.27354D-15
<cross-s.>      2.01      2.42092000D+00    231.04   89    1
 3.56133D-14
<cross-s.>      2.01      2.62267000D+00    231.04   89    1
 6.61770D-13
<cross-s.>      2.01      2.82441000D+00    231.04   89    1
 8.80866D-12
<cross-s.>      2.01      3.02615000D+00    231.04   89    1
 8.89650D-11
<cross-s.>      2.01      3.22790000D+00    231.04   89    1
 7.12902D-10
<cross-s.>      2.01      3.42964000D+00    231.04   89    1
 4.69388D-09
<cross-s.>      2.01      3.63138000D+00    231.04   89    1
 2.61220D-08
<cross-s.>      2.01      3.83313000D+00    231.04   89    1
 1.25719D-07
<cross-s.>      2.01      4.03487000D+00    231.04   89    1
 5.33061D-07
<cross-s.>      2.01      4.53923000D+00    231.04   89    1
 1.24779D-05
<cross-s.>      2.01      5.04359000D+00    231.04   89    1
 1.73601D-04
<cross-s.>      2.01      5.54795000D+00    231.04   89    1
 1.61881D-03
<cross-s.>      2.01      6.05231000D+00    231.04   89    1
 1.09810D-02
<cross-s.>      2.01      6.55666000D+00    231.04   89    1
 5.74201D-02
<cross-s.>      2.01      7.06102000D+00    231.04   89    1
 2.41532D-01
<cross-s.>      2.01      7.56538000D+00    231.04   89    1
 8.44275D-01
<cross-s.>      2.01      8.06974000D+00    231.04   89    1
 2.51676D+00
<cross-s.>      2.01      8.57410000D+00    231.04   89    1
 6.53560D+00
<cross-s.>      2.01      9.07846000D+00    231.04   89    1
 1.50485D+01
<cross-s.>      2.01      9.58282000D+00    231.04   89    1
 3.11726D+01
<cross-s.>      2.01      1.00871800D+01    231.04   89    1
 5.87545D+01
<cross-s.>      2.01      1.05915300D+01    231.04   89    1
 1.01554D+02
<cross-s.>      2.01      1.10958900D+01    231.04   89    1
 1.61751D+02
<cross-s.>      2.01      1.16002500D+01    231.04   89    1
 2.38347D+02
<cross-s.>      2.01      1.21046100D+01    231.04   89    1
 3.27015D+02
<cross-s.>      2.01      1.26089700D+01    231.04   89    1
 4.21896D+02
<cross-s.>      2.01      1.31133300D+01    231.04   89    1
 5.17912D+02
<cross-s.>      2.01      1.36176900D+01    231.04   89    1
 6.11779D+02
<cross-s.>      2.01      1.41220500D+01    231.04   89    1
 7.01844D+02
<cross-s.>      2.01      1.46264100D+01    231.04   89    1
 7.87624D+02
<cross-s.>      2.01      1.51307600D+01    231.04   89    1
 8.69242D+02
<cross-s.>      3.02      4.05240000D-01    230.04   89    1
 1.76035D-47
<cross-s.>      3.02      5.06560000D-01    230.04   89    1
 1.97908D-66
<cross-s.>      3.02      6.07870000D-01    230.04   89    1
 1.83656D-58
<cross-s.>      3.02      7.09180000D-01    230.04   89    1
 2.71363D-52
<cross-s.>      3.02      8.10490000D-01    230.04   89    1
 2.20993D-47
<cross-s.>      3.02      9.11800000D-01    230.04   89    1
 2.70514D-43
<cross-s.>      3.02      1.01311000D+00    230.04   89    1
 7.52662D-40
<cross-s.>      3.02      1.11442000D+00    230.04   89    1
 6.72873D-37
<cross-s.>      3.02      1.21573000D+00    230.04   89    1
 2.46378D-34
<cross-s.>      3.02      1.31704000D+00    230.04   89    1
 2.51493D-31
<cross-s.>      3.02      1.41836000D+00    230.04   89    1
 2.52220D-29
<cross-s.>      3.02      1.51967000D+00    230.04   89    1
 1.54736D-27
<cross-s.>      3.02      1.62098000D+00    230.04   89    1
 6.31139D-26
<cross-s.>      3.02      1.72229000D+00    230.04   89    1
 1.82017D-24
<cross-s.>      3.02      1.82360000D+00    230.04   89    1
 3.89878D-23
<cross-s.>      3.02      1.92491000D+00    230.04   89    1
 6.45644D-22
<cross-s.>      3.02      2.02622000D+00    230.04   89    1
 8.54307D-21
<cross-s.>      3.02      2.22884000D+00    230.04   89    1
 8.47615D-19
<cross-s.>      3.02      2.43147000D+00    230.04   89    1
 4.51969D-17
<cross-s.>      3.02      2.63409000D+00    230.04   89    1
 1.46567D-15
<cross-s.>      3.02      2.83671000D+00    230.04   89    1
 3.17071D-14
<cross-s.>      3.02      3.03933000D+00    230.04   89    1
 4.90891D-13
<cross-s.>      3.02      3.24196000D+00    230.04   89    1
 5.74467D-12
<cross-s.>      3.02      3.44458000D+00    230.04   89    1
 5.30379D-11
<cross-s.>      3.02      3.64720000D+00    230.04   89    1
 4.00092D-10
<cross-s.>      3.02      3.84982000D+00    230.04   89    1
 2.53379D-09
<cross-s.>      3.02      4.05245000D+00    230.04   89    1
 1.37906D-08
<cross-s.>      3.02      4.55900000D+00    230.04   89    1
 5.51977D-07
<cross-s.>      3.02      5.06556000D+00    230.04   89    1
 1.19633D-05
<cross-s.>      3.02      5.57211000D+00    230.04   89    1
 1.62954D-04
<cross-s.>      3.02      6.07867000D+00    230.04   89    1
 1.54640D-03
<cross-s.>      3.02      6.58522000D+00    230.04   89    1
 1.09947D-02
<cross-s.>      3.02      7.09178000D+00    230.04   89    1
 6.16965D-02
<cross-s.>      3.02      7.59833000D+00    230.04   89    1
 2.83538D-01
<cross-s.>      3.02      8.10489000D+00    230.04   89    1
 1.09521D+00
<cross-s.>      3.02      8.61145000D+00    230.04   89    1
 3.61479D+00
<cross-s.>      3.02      9.11800000D+00    230.04   89    1
 1.03140D+01
<cross-s.>      3.02      9.62456000D+00    230.04   89    1
 2.55433D+01
<cross-s.>      3.02      1.01311100D+01    230.04   89    1
 5.51085D+01
<cross-s.>      3.02      1.06376700D+01    230.04   89    1
 1.04337D+02
<cross-s.>      3.02      1.11442200D+01    230.04   89    1
 1.75494D+02
<cross-s.>      3.02      1.16507800D+01    230.04   89    1
 2.66238D+02
<cross-s.>      3.02      1.21573300D+01    230.04   89    1
 3.70430D+02
<cross-s.>      3.02      1.26638900D+01    230.04   89    1
 4.80881D+02
<cross-s.>      3.02      1.31704500D+01    230.04   89    1
 5.91581D+02
<cross-s.>      3.02      1.36770000D+01    230.04   89    1
 6.98656D+02
<cross-s.>      3.02      1.41835600D+01    230.04   89    1
 8.00012D+02
<cross-s.>      3.02      1.46901100D+01    230.04   89    1
 8.94550D+02
<cross-s.>      3.02      1.51966700D+01    230.04   89    1
 9.82269D+02
<cross-s.>      3.02      8.10490000D-01    230.04  176    1
 1.90263D-44
<cross-s.>      3.02      9.11800000D-01    230.04  176    1
 2.75907D-66
<cross-s.>      3.02      1.01311000D+00    230.04  176    1
 2.32868D-59
<cross-s.>      3.02      1.11442000D+00    230.04  176    1
 2.05661D-53
<cross-s.>      3.02      1.21573000D+00    230.04  176    1
 3.07500D-48
<cross-s.>      3.02      1.31704000D+00    230.04  176    1
 1.10337D-43
<cross-s.>      3.02      1.41836000D+00    230.04  176    1
 2.09650D-69
<cross-s.>      3.02      1.51967000D+00    230.04  176    1
 8.88612D-66
<cross-s.>      3.02      1.62098000D+00    230.04  176    1
 1.66734D-62
<cross-s.>      3.02      1.72229000D+00    230.04  176    1
 1.56439D-59
<cross-s.>      3.02      1.82360000D+00    230.04  176    1
 8.08797D-57
<cross-s.>      3.02      1.92491000D+00    230.04  176    1
 2.49793D-54
<cross-s.>      3.02      2.02622000D+00    230.04  176    1
 4.91727D-52
<cross-s.>      3.02      2.22884000D+00    230.04  176    1
 6.07751D-48
<cross-s.>      3.02      2.43147000D+00    230.04  176    1
 2.14559D-44
<cross-s.>      3.02      2.63409000D+00    230.04  176    1
 2.76540D-41
<cross-s.>      3.02      2.83671000D+00    230.04  176    1
 1.41521D-38
<cross-s.>      3.02      3.03933000D+00    230.04  176    1
 4.03902D-36
<cross-s.>      3.02      3.24196000D+00    230.04  176    1
 5.05393D-33
<cross-s.>      3.02      3.44458000D+00    230.04  176    1
 5.90131D-31
<cross-s.>      3.02      3.64720000D+00    230.04  176    1
 3.85562D-29
<cross-s.>      3.02      3.84982000D+00    230.04  176    1
 1.74959D-27
<cross-s.>      3.02      4.05244000D+00    230.04  176    1
 5.77767D-26
<cross-s.>      3.02      4.55900000D+00    230.04  176    1
 1.14240D-22
<cross-s.>      3.02      5.06556000D+00    230.04  176    1
 6.10292D-20
<cross-s.>      3.02      5.57211000D+00    230.04  176    1
 1.19653D-17
<cross-s.>      3.02      6.07867000D+00    230.04  176    1
 1.06867D-15
<cross-s.>      3.02      6.58522000D+00    230.04  176    1
 5.08863D-14
<cross-s.>      3.02      7.09178000D+00    230.04  176    1
 1.45420D-12
<cross-s.>      3.02      7.59833000D+00    230.04  176    1
 2.73172D-11
<cross-s.>      3.02      8.10489000D+00    230.04  176    1
 3.62436D-10
<cross-s.>      3.02      8.61144000D+00    230.04  176    1
 3.59664D-09
<cross-s.>      3.02      9.11800000D+00    230.04  176    1
 2.79680D-08
<cross-s.>      3.02      9.62455000D+00    230.04  176    1
 1.76988D-07
<cross-s.>      3.02      1.01311100D+01    230.04  176    1
 9.40213D-07
<cross-s.>      3.02      1.06376700D+01    230.04  176    1
 4.30011D-06
<cross-s.>      3.02      1.11442200D+01    230.04  176    1
 1.72854D-05
<cross-s.>      3.02      1.16507800D+01    230.04  176    1
 6.21202D-05
<cross-s.>      3.02      1.21573300D+01    230.04  176    1
 2.02407D-04
<cross-s.>      3.02      1.26638900D+01    230.04  176    1
 6.05050D-04
<cross-s.>      3.02      1.31704400D+01    230.04  176    1
 1.67596D-03
<cross-s.>      3.02      1.36770000D+01    230.04  176    1
 4.33914D-03
<cross-s.>      3.02      1.41835500D+01    230.04  176    1
 1.05792D-02
<cross-s.>      4.00      8.13980000D-01    229.03  176    1
 8.30648D-65
<cross-s.>      4.00      9.15730000D-01    229.03  176    1
 7.18288D-56
<cross-s.>      4.00      1.01748000D+00    229.03  176    1
 1.45423D-47
<cross-s.>      4.00      1.11922000D+00    229.03  176    1
 1.19275D-70
<cross-s.>      4.00      1.22097000D+00    229.03  176    1
 3.72652D-65
<cross-s.>      4.00      1.32272000D+00    229.03  176    1
 1.17201D-59
<cross-s.>      4.00      1.42447000D+00    229.03  176    1
 6.31278D-55
<cross-s.>      4.00      1.52621000D+00    229.03  176    1
 1.07207D-50
<cross-s.>      4.00      1.62796000D+00    229.03  176    1
 7.26789D-47
<cross-s.>      4.00      1.72971000D+00    229.03  176    1
 3.91568D-43
<cross-s.>      4.00      1.83146000D+00    229.03  176    1
 6.07678D-70
<cross-s.>      4.00      1.93320000D+00    229.03  176    1
 3.84021D-67
<cross-s.>      4.00      2.03495000D+00    229.03  176    1
 1.28556D-64
<cross-s.>      4.00      2.23845000D+00    229.03  176    1
 1.12204D-59
<cross-s.>      4.00      2.44194000D+00    229.03  176    1
 1.27267D-55
<cross-s.>      4.00      2.64544000D+00    229.03  176    1
 4.23776D-52
<cross-s.>      4.00      2.84893000D+00    229.03  176    1
 9.92901D-49
<cross-s.>      4.00      3.05243000D+00    229.03  176    1
 5.66130D-46
<cross-s.>      4.00      3.25592000D+00    229.03  176    1
 1.49844D-43
<cross-s.>      4.00      3.45942000D+00    229.03  176    1
 2.75676D-41
<cross-s.>      4.00      3.66291000D+00    229.03  176    1
 5.48519D-39
<cross-s.>      4.00      3.86641000D+00    229.03  176    1
 3.41796D-37
<cross-s.>      4.00      4.06990000D+00    229.03  176    1
 9.87129D-35
<cross-s.>      4.00      4.57864000D+00    229.03  176    1
 6.70850D-31
<cross-s.>      4.00      5.08738000D+00    229.03  176    1
 1.07705D-27
<cross-s.>      4.00      5.59612000D+00    229.03  176    1
 4.81520D-25
<cross-s.>      4.00      6.10486000D+00    229.03  176    1
 9.32550D-23
<cross-s.>      4.00      6.61359000D+00    229.03  176    1
 1.03548D-20
<cross-s.>      4.00      7.12233000D+00    229.03  176    1
 6.63585D-19
<cross-s.>      4.00      7.63107000D+00    229.03  176    1
 3.12402D-17
<cross-s.>      4.00      8.13981000D+00    229.03  176    1
 1.03060D-15
<cross-s.>      4.00      8.64855000D+00    229.03  176    1
 2.59089D-14
<cross-s.>      4.00      9.15728000D+00    229.03  176    1
 5.11873D-13
<cross-s.>      4.00      9.66602000D+00    229.03  176    1
 8.07130D-12
<cross-s.>      4.00      1.01747600D+01    229.03  176    1
 1.09095D-10
<cross-s.>      4.00      1.06835000D+01    229.03  176    1
 1.20421D-09
<cross-s.>      4.00      1.11922300D+01    229.03  176    1
 1.08686D-08
<cross-s.>      4.00      1.17009700D+01    229.03  176    1
 7.39555D-08
<cross-s.>      4.00      1.22097100D+01    229.03  176    1
 3.86321D-07
<cross-s.>      4.00      1.27184500D+01    229.03  176    1
 1.75247D-06
<cross-s.>      4.00      1.32271900D+01    229.03  176    1
 7.45676D-06
<cross-s.>      4.00      1.37359300D+01    229.03  176    1
 3.75622D-05
<cross-s.>      4.00      1.42446600D+01    229.03  176    1
 1.75008D-04
<cross-s.>      4.00      1.47534000D+01    229.03  176    1
 7.06700D-04
<cross-s.>      4.00      1.52621400D+01    229.03  176    1
 2.57746D-03
<cross-s.>      4.00      1.57708800D+01    229.03  176    1
 8.64016D-03
<cross-s.>      4.00      1.62796200D+01    229.03  176    1
 2.68807D-02
<cross-s.>      4.00      1.67883500D+01    229.03  176    1
 7.81034D-02
<cross-s.>      4.00      1.72970900D+01    229.03  176    1
 2.13210D-01
<cross-s.>      4.00      1.78058300D+01    229.03  176    1
 5.49397D-01
<cross-s.>      4.00      1.83145700D+01    229.03  176    1
 1.34218D+00
<cross-s.>      4.00      1.88233100D+01    229.03  176    1
 3.06603D+00
<cross-s.>      4.00      1.93320400D+01    229.03  176    1
 6.56309D+00
<cross-s.>      4.00      1.98407800D+01    229.03  176    1
 1.33253D+01
<cross-s.>      4.00      2.03495200D+01    229.03  176    1
 2.55885D+01
<cross-s.>      4.00      2.13669900D+01    229.03  176    1
 7.68128D+01
<cross-s.>      4.00      2.23844700D+01    229.03  176    1
 1.68195D+02
<cross-s.>      4.00      2.34019500D+01    229.03  176    1
 2.92453D+02
<cross-s.>      4.00      2.44194200D+01    229.03  176    1
 4.29994D+02
