<ine.c.s.>      1.01      1.65000000D-05    232.04    0    2            
0.d0          1                                                         
0.d0          2                                                         
<ine.c.s.>      1.01      1.00000000D-04    232.04    0    2            
0.d0          1                                                         
0.d0          2                                                         
<ine.c.s.>      1.01      1.00000000D-03    232.04    0    2            
0.d0          1                                                         
0.d0          2                                                         
<ine.c.s.>      1.01      2.00000000D-03    232.04    0    2            
0.d0          1                                                         
0.d0          2                                                         
<ine.c.s.>      1.01      5.00000000D-03    232.04    0    2            
0.d0          1                                                         
0.d0          2                                                         
<ine.c.s.>      1.01      1.00000000D-02    232.04    0    2            
0.d0          1                                                         
0.d0          2                                                         
<ine.c.s.>      1.01      2.00000000D-02    232.04    0    2            
0.d0          1                                                         
0.d0          2                                                         
<ine.c.s.>      1.01      5.00000000D-02    232.04    0    2            
 5.16353D-02  1                                                         
0.d0          2                                                         
<ine.c.s.>      1.01      1.00000000D-01    232.04    0    2            
 1.13048D+01  1                                                         
0.d0          2                                                         
<ine.c.s.>      1.01      2.00000000D-01    232.04    0    2            
 4.78759D+01  1                                                         
 7.35140D-02  2                                                         
<ine.c.s.>      1.01      4.00000000D-01    232.04    0    2            
 1.09030D+02  1                                                         
 4.70946D+00  2                                                         
<ine.c.s.>      1.01      6.00000000D-01    232.04    0    2            
 1.51089D+02  1                                                         
 2.12432D+01  2                                                         
<ine.c.s.>      1.01      8.00000000D-01    232.04    0    2            
 1.89488D+02  1                                                         
 4.91945D+01  2                                                         
<ine.c.s.>      1.01      1.00000000D+00    232.04    0    2            
 2.33805D+02  1                                                         
 8.18611D+01  2                                                         
<ine.c.s.>      1.01      1.20000000D+00    232.04    0    2            
 2.84732D+02  1                                                         
 1.11922D+02  2                                                         
<ine.c.s.>      1.01      1.40000000D+00    232.04    0    2            
 3.35570D+02  1                                                         
 1.35489D+02  2                                                         
<ine.c.s.>      1.01      1.60000000D+00    232.04    0    2            
 3.79257D+02  1                                                         
 1.51913D+02  2                                                         
<ine.c.s.>      1.01      1.80000000D+00    232.04    0    2            
 4.12328D+02  1                                                         
 1.61743D+02  2                                                         
<ine.c.s.>      1.01      2.00000000D+00    232.04    0    2            
 4.34320D+02  1                                                         
 1.66052D+02  2                                                         
<ine.c.s.>      1.01      2.20000000D+00    232.04    0    2            
 4.45877D+02  1                                                         
 1.66290D+02  2                                                         
<ine.c.s.>      1.01      2.40000000D+00    232.04    0    2            
 4.48750D+02  1                                                         
 1.64030D+02  2                                                         
<ine.c.s.>      1.01      2.60000000D+00    232.04    0    2            
 4.44813D+02  1                                                         
 1.60455D+02  2                                                         
<ine.c.s.>      1.01      2.80000000D+00    232.04    0    2            
 4.36177D+02  1                                                         
 1.56331D+02  2                                                         
<ine.c.s.>      1.01      3.00000000D+00    232.04    0    2            
 4.24557D+02  1                                                         
 1.51994D+02  2                                                         
<ine.c.s.>      1.01      3.50000000D+00    232.04    0    2            
 3.90096D+02  1                                                         
 1.40841D+02  2                                                         
<ine.c.s.>      1.01      4.00000000D+00    232.04    0    2            
 3.54729D+02  1                                                         
 1.29545D+02  2                                                         
<ine.c.s.>      1.01      4.50000000D+00    232.04    0    2            
 3.22323D+02  1                                                         
 1.19057D+02  2                                                         
<ine.c.s.>      1.01      5.00000000D+00    232.04    0    2            
 2.94954D+02  1                                                         
 1.10244D+02  2                                                         
<ine.c.s.>      1.01      5.50000000D+00    232.04    0    2            
 2.73942D+02  1                                                         
 1.03328D+02  2                                                         
<ine.c.s.>      1.01      6.00000000D+00    232.04    0    2            
 2.58979D+02  1                                                         
 9.77466D+01  2                                                         
<ine.c.s.>      1.01      6.50000000D+00    232.04    0    2            
 2.48858D+02  1                                                         
 9.27266D+01  2                                                         
<ine.c.s.>      1.01      7.00000000D+00    232.04    0    2            
 2.41843D+02  1                                                         
 8.76239D+01  2                                                         
<ine.c.s.>      1.01      7.50000000D+00    232.04    0    2            
 2.36386D+02  1                                                         
 8.22341D+01  2                                                         
<ine.c.s.>      1.01      8.00000000D+00    232.04    0    2            
 2.31300D+02  1                                                         
 7.67244D+01  2                                                         
<ine.c.s.>      1.01      8.50000000D+00    232.04    0    2            
 2.25990D+02  1                                                         
 7.14383D+01  2                                                         
<ine.c.s.>      1.01      9.00000000D+00    232.04    0    2            
 2.20341D+02  1                                                         
 6.66502D+01  2                                                         
<ine.c.s.>      1.01      9.50000000D+00    232.04    0    2            
 2.14485D+02  1                                                         
 6.24583D+01  2                                                         
<ine.c.s.>      1.01      1.00000000D+01    232.04    0    2            
 2.08522D+02  1                                                         
 5.88068D+01  2                                                         
<ine.c.s.>      1.01      1.05000000D+01    232.04    0    2            
 2.02463D+02  1                                                         
 5.54414D+01  2                                                         
<ine.c.s.>      1.01      1.10000000D+01    232.04    0    2            
 1.95326D+02  1                                                         
 5.22568D+01  2                                                         
<ine.c.s.>      1.01      1.15000000D+01    232.04    0    2            
 1.88463D+02  1                                                         
 4.93862D+01  2                                                         
<ine.c.s.>      1.01      1.20000000D+01    232.04    0    2            
 1.81891D+02  1                                                         
 4.67552D+01  2                                                         
<ine.c.s.>      1.01      1.25000000D+01    232.04    0    2            
 1.75598D+02  1                                                         
 4.43109D+01  2                                                         
<ine.c.s.>      1.01      1.30000000D+01    232.04    0    2            
 1.69567D+02  1                                                         
 4.20231D+01  2                                                         
<ine.c.s.>      1.01      1.35000000D+01    232.04    0    2            
 1.63816D+02  1                                                         
 3.98862D+01  2                                                         
<ine.c.s.>      1.01      1.40000000D+01    232.04    0    2            
 1.58302D+02  1                                                         
 3.78770D+01  2                                                         
<ine.c.s.>      1.01      1.45000000D+01    232.04    0    2            
 1.53054D+02  1                                                         
 3.59984D+01  2                                                         
<ine.c.s.>      1.01      1.50000000D+01    232.04    0    2            
 1.48066D+02  1                                                         
 3.42407D+01  2                                                         
<ine.c.s.>      1.01      1.60000000D+01    232.04    0    2            
 1.38860D+02  1                                                         
 3.10486D+01  2                                                         
<ine.c.s.>      1.01      1.70000000D+01    232.04    0    2            
 1.30716D+02  1                                                         
 2.82507D+01  2                                                         
<ine.c.s.>      1.01      1.80000000D+01    232.04    0    2            
 1.23632D+02  1                                                         
 2.58144D+01  2                                                         
<ine.c.s.>      1.01      1.90000000D+01    232.04    0    2            
 1.17609D+02  1                                                         
 2.37343D+01  2                                                         
<ine.c.s.>      1.01      2.00000000D+01    232.04    0    2            
 1.12593D+02  1                                                         
 2.19985D+01  2                                                         
