 9.023200+4 2.300447+2          1          0          1          0904014 51    0
                                                                  904014  0    0
 9.023200+4 2.300447+2          1          0          1          0904014 52    0
                                                                  904014  0    0
 9.023200+4 2.300447+2          1          0          1          0904014 53    0
                                                                  904014  0    0
 9.023200+4 2.300447+2          1          0          1          0904014 54    0
                                                                  904014  0    0
 9.023200+4 2.300447+2          1          0          2          0904014 55    0
                                                                  904014  0    0
 9.023200+4 2.300447+2          1          0          1          0904014 56    0
                                                                  904014  0    0
 9.023200+4 2.300447+2          1          0          3          0904014 57    0
                                                                  904014  0    0
 9.023200+4 2.300447+2          1          0          2          0904014 58    0
                                                                  904014  0    0
 9.023200+4 2.300447+2          1          0          3          0904014 59    0
                                                                  904014  0    0
 9.023200+4 2.300447+2          1          0          1          0904014 60    0
                                                                  904014  0    0
 9.023200+4 2.300447+2          1          0          2          0904014 61    0
                                                                  904014  0    0
 9.023200+4 2.300447+2          1          0          1          0904014 62    0
                                                                  904014  0    0
 9.023200+4 2.300447+2          1          0          2          0904014 63    0
                                                                  904014  0    0
 9.023200+4 2.300447+2          1          0          3          0904014 64    0
                                                                  904014  0    0
 9.023200+4 2.300447+2          1          0          2          0904014 65    0
                                                                  904014  0    0
 9.023200+4 2.300447+2          1          0          3          0904014 66    0
                                                                  904014  0    0
 9.023200+4 2.300447+2          1          0          3          0904014 67    0
                                                                  904014  0    0
 9.023200+4 2.300447+2          1          0          2          0904014 68    0
                                                                  904014  0    0
 9.023200+4 2.300447+2          1          0          3          0904014 69    0
                                                                  904014  0    0
 9.023200+4 2.300447+2          1          0          1          0904014 70    0
                                                                  904014  0    0
 9.023200+4 2.300447+2          1          0          2          0904014 71    0
                                                                  904014  0    0
 9.023200+4 2.300447+2          1          0          2          0904014 72    0
                                                                  904014  0    0
 9.023200+4 2.300447+2          1          0          2          0904014 73    0
                                                                  904014  0    0
 9.023200+4 2.300447+2          1          0          3          0904014 74    0
                                                                  904014  0    0
 9.023200+4 2.300447+2          1          0          3          0904014 75    0
                                                                  904014  0    0
 9.023200+4 2.300447+2          1          0          1          0904014 76    0
                                                                  904014  0    0
 9.023200+4 2.300447+2          1          0          1          0904014 77    0
                                                                  904014  0    0
 9.023200+4 2.300447+2          1          0          1          0904014 78    0
                                                                  904014  0    0
 9.023200+4 2.300447+2          1          0          2          0904014 79    0
                                                                  904014  0    0
 9.023200+4 2.300447+2          1          0          3          0904014 80    0
                                                                  904014  0    0
                                                                  9040 0  0    0
