 2.104500+4 4.456971+1          1          0          1          0212514 51    0
                                                                  212514  0    0
 2.104500+4 4.456971+1          1          0          2          0212514 52    0
                                                                  212514  0    0
 2.104500+4 4.456971+1          1          0          3          0212514 53    0
                                                                  212514  0    0
 2.104500+4 4.456971+1          1          0          2          0212514 54    0
                                                                  212514  0    0
 2.104500+4 4.456971+1          1          0          2          0212514 55    0
                                                                  212514  0    0
 2.104500+4 4.456971+1          1          0          3          0212514 56    0
                                                                  212514  0    0
 2.104500+4 4.456971+1          1          0          3          0212514 57    0
                                                                  212514  0    0
 2.104500+4 4.456971+1          1          0          1          0212514 58    0
                                                                  212514  0    0
 2.104500+4 4.456971+1          1          0          3          0212514 59    0
                                                                  212514  0    0
 2.104500+4 4.456971+1          1          0          1          0212514 60    0
                                                                  212514  0    0
 2.104500+4 4.456971+1          1          0          3          0212514 61    0
                                                                  212514  0    0
 2.104500+4 4.456971+1          1          0          4          0212514 62    0
                                                                  212514  0    0
 2.104500+4 4.456971+1          1          0          2          0212514 63    0
                                                                  212514  0    0
 2.104500+4 4.456971+1          1          0          4          0212514 64    0
                                                                  212514  0    0
 2.104500+4 4.456971+1          1          0          4          0212514 65    0
                                                                  212514  0    0
 2.104500+4 4.456971+1          1          0          4          0212514 66    0
                                                                  212514  0    0
 2.104500+4 4.456971+1          1          0          7          0212514 67    0
                                                                  212514  0    0
 2.104500+4 4.456971+1          1          0          1          0212514 68    0
                                                                  212514  0    0
 2.104500+4 4.456971+1          1          0          1          0212514 69    0
                                                                  212514  0    0
 2.104500+4 4.456971+1          1          0          1          0212514 70    0
                                                                  212514  0    0
 2.104500+4 4.456971+1          1          0          1          0212514 71    0
                                                                  212514  0    0
 2.104500+4 4.456971+1          1          0          3          0212514 72    0
                                                                  212514  0    0
 2.104500+4 4.456971+1          1          0          4          0212514 73    0
                                                                  212514  0    0
 2.104500+4 4.456971+1          1          0          4          0212514 74    0
                                                                  212514  0    0
 2.104500+4 4.456971+1          1          0          1          0212514 75    0
                                                                  212514  0    0
 2.104500+4 4.456971+1          1          0          1          0212514 76    0
                                                                  212514  0    0
 2.104500+4 4.456971+1          1          0          2          0212514 77    0
                                                                  212514  0    0
 2.104500+4 4.456971+1          1          0          2          0212514 78    0
                                                                  212514  0    0
 2.104500+4 4.456971+1          1          0          3          0212514 79    0
                                                                  212514  0    0
 2.104500+4 4.456971+1          1          0          2          0212514 80    0
                                                                  212514  0    0
                                                                  2125 0  0    0
