 2.104500+4 4.456971+1          0          0        111          12125 8  5    0
 1.000000+0 0.000000+0          6          0          0          02125 8  5    0
 1.001000+3 0.000000+0          6          0          0          02125 8  5    0
 1.002000+3 0.000000+0          6          0          0          02125 8  5    0
 1.003000+3 0.000000+0          6          0          0          02125 8  5    0
 2.003000+3 0.000000+0          6          0          0          02125 8  5    0
 2.004000+3 0.000000+0          6          0          0          02125 8  5    0
 1.102100+4 0.000000+0          6          0          0          02125 8  5    0
 1.102200+4 0.000000+0          6          0          0          02125 8  5    0
 1.102300+4 0.000000+0          6          0          0          02125 8  5    0
 1.102400+4 0.000000+0          6          0          0          02125 8  5    0
 1.102500+4 0.000000+0          6          0          0          02125 8  5    0
 1.102600+4 0.000000+0          6          0          0          02125 8  5    0
 1.102700+4 0.000000+0          6          0          0          02125 8  5    0
 1.202200+4 0.000000+0          6          0          0          02125 8  5    0
 1.202300+4 0.000000+0          6          0          0          02125 8  5    0
 1.202400+4 0.000000+0          6          0          0          02125 8  5    0
 1.202500+4 0.000000+0          6          0          0          02125 8  5    0
 1.202600+4 0.000000+0          6          0          0          02125 8  5    0
 1.202700+4 0.000000+0          6          0          0          02125 8  5    0
 1.202800+4 0.000000+0          6          0          0          02125 8  5    0
 1.202900+4 0.000000+0          6          0          0          02125 8  5    0
 1.203000+4 0.000000+0          6          0          0          02125 8  5    0
 1.302400+4 0.000000+0          6          0          0          02125 8  5    0
 1.302500+4 0.000000+0          6          0          0          02125 8  5    0
 1.302600+4 0.000000+0          6          0          0          02125 8  5    0
 1.302600+4 2.283050+5          6          1          0          02125 8  5    0
 1.302700+4 0.000000+0          6          0          0          02125 8  5    0
 1.302800+4 0.000000+0          6          0          0          02125 8  5    0
 1.302900+4 0.000000+0          6          0          0          02125 8  5    0
 1.303000+4 0.000000+0          6          0          0          02125 8  5    0
 1.303100+4 0.000000+0          6          0          0          02125 8  5    0
 1.303200+4 0.000000+0          6          0          0          02125 8  5    0
 1.402600+4 0.000000+0          6          0          0          02125 8  5    0
 1.402700+4 0.000000+0          6          0          0          02125 8  5    0
 1.402800+4 0.000000+0          6          0          0          02125 8  5    0
 1.402900+4 0.000000+0          6          0          0          02125 8  5    0
 1.403000+4 0.000000+0          6          0          0          02125 8  5    0
 1.403100+4 0.000000+0          6          0          0          02125 8  5    0
 1.403200+4 0.000000+0          6          0          0          02125 8  5    0
 1.403300+4 0.000000+0          6          0          0          02125 8  5    0
 1.403400+4 0.000000+0          6          0          0          02125 8  5    0
 1.502800+4 0.000000+0          6          0          0          02125 8  5    0
 1.502900+4 0.000000+0          6          0          0          02125 8  5    0
 1.503000+4 0.000000+0          6          0          0          02125 8  5    0
 1.503100+4 0.000000+0          6          0          0          02125 8  5    0
 1.503200+4 0.000000+0          6          0          0          02125 8  5    0
 1.503300+4 0.000000+0          6          0          0          02125 8  5    0
 1.503400+4 0.000000+0          6          0          0          02125 8  5    0
 1.503500+4 0.000000+0          6          0          0          02125 8  5    0
 1.503600+4 0.000000+0          6          0          0          02125 8  5    0
 1.503700+4 0.000000+0          6          0          0          02125 8  5    0
 1.603000+4 0.000000+0          6          0          0          02125 8  5    0
 1.603100+4 0.000000+0          6          0          0          02125 8  5    0
 1.603200+4 0.000000+0          6          0          0          02125 8  5    0
 1.603300+4 0.000000+0          6          0          0          02125 8  5    0
 1.603400+4 0.000000+0          6          0          0          02125 8  5    0
 1.603500+4 0.000000+0          6          0          0          02125 8  5    0
 1.603600+4 0.000000+0          6          0          0          02125 8  5    0
 1.603700+4 0.000000+0          6          0          0          02125 8  5    0
 1.603800+4 0.000000+0          6          0          0          02125 8  5    0
 1.603900+4 0.000000+0          6          0          0          02125 8  5    0
 1.703100+4 0.000000+0          6          0          0          02125 8  5    0
 1.703200+4 0.000000+0          6          0          0          02125 8  5    0
 1.703300+4 0.000000+0          6          0          0          02125 8  5    0
 1.703400+4 0.000000+0          6          0          0          02125 8  5    0
 1.703400+4 1.463600+5          6          1          0          02125 8  5    0
 1.703500+4 0.000000+0          6          0          0          02125 8  5    0
 1.703600+4 0.000000+0          6          0          0          02125 8  5    0
 1.703700+4 0.000000+0          6          0          0          02125 8  5    0
 1.703800+4 0.000000+0          6          0          0          02125 8  5    0
 1.703900+4 0.000000+0          6          0          0          02125 8  5    0
 1.704000+4 0.000000+0          6          0          0          02125 8  5    0
 1.704100+4 0.000000+0          6          0          0          02125 8  5    0
 1.803300+4 0.000000+0          6          0          0          02125 8  5    0
 1.803400+4 0.000000+0          6          0          0          02125 8  5    0
 1.803500+4 0.000000+0          6          0          0          02125 8  5    0
 1.803600+4 0.000000+0          6          0          0          02125 8  5    0
 1.803700+4 0.000000+0          6          0          0          02125 8  5    0
 1.803800+4 0.000000+0          6          0          0          02125 8  5    0
 1.803900+4 0.000000+0          6          0          0          02125 8  5    0
 1.804000+4 0.000000+0          6          0          0          02125 8  5    0
 1.804100+4 0.000000+0          6          0          0          02125 8  5    0
 1.804200+4 0.000000+0          6          0          0          02125 8  5    0
 1.804300+4 0.000000+0          6          0          0          02125 8  5    0
 1.903600+4 0.000000+0          6          0          0          02125 8  5    0
 1.903700+4 0.000000+0          6          0          0          02125 8  5    0
 1.903800+4 0.000000+0          6          0          0          02125 8  5    0
 1.903900+4 0.000000+0          6          0          0          02125 8  5    0
 1.904000+4 0.000000+0          6          0          0          02125 8  5    0
 1.904100+4 0.000000+0          6          0          0          02125 8  5    0
 1.904200+4 0.000000+0          6          0          0          02125 8  5    0
 1.904300+4 0.000000+0          6          0          0          02125 8  5    0
 1.904400+4 0.000000+0          6          0          0          02125 8  5    0
 2.003800+4 0.000000+0          6          0          0          02125 8  5    0
 2.003900+4 0.000000+0          6          0          0          02125 8  5    0
 2.004000+4 0.000000+0          6          0          0          02125 8  5    0
 2.004100+4 0.000000+0          6          0          0          02125 8  5    0
 2.004200+4 0.000000+0          6          0          0          02125 8  5    0
 2.004300+4 0.000000+0          6          0          0          02125 8  5    0
 2.004400+4 0.000000+0          6          0          0          02125 8  5    0
 2.004500+4 0.000000+0          6          0          0          02125 8  5    0
 2.104000+4 0.000000+0          6          0          0          02125 8  5    0
 2.104100+4 0.000000+0          6          0          0          02125 8  5    0
 2.104200+4 0.000000+0          6          0          0          02125 8  5    0
 2.104200+4 6.162800+5          6          2          0          02125 8  5    0
 2.104300+4 0.000000+0          6          0          0          02125 8  5    0
 2.104400+4 0.000000+0          6          0          0          02125 8  5    0
 2.104400+4 2.712400+5          6          4          0          02125 8  5    0
 2.104500+4 0.000000+0          6          0          0          02125 8  5    0
 2.104600+4 0.000000+0          6          0          0          02125 8  5    0
 2.104600+4 1.425280+5          6          2          0          02125 8  5    0
                                                                  2125 8  0    0
 2.104500+4 4.456971+1          0          0          2          12125 8 16    0
 2.104400+4 0.000000+0         10          0          0          02125 8 16    0
 2.104400+4 2.712400+5         10          4          0          02125 8 16    0
                                                                  2125 8  0    0
 2.104500+4 4.456971+1          0          0          2          12125 8 37    0
 2.104200+4 0.000000+0         10          0          0          02125 8 37    0
 2.104200+4 6.162800+5         10          2          0          02125 8 37    0
                                                                  2125 8  0    0
 2.104500+4 4.456971+1          0          0          2          12125 8102    0
 2.104600+4 0.000000+0          9          0          0          02125 8102    0
 2.104600+4 1.425280+5          9          2          0          02125 8102    0
                                                                  2125 8  0    0
                                                                  2125 0  0    0
