  1.e-11
  2.53e-8
  1.e-6
  0.001 
  0.002 
  0.005 
  0.010 
  0.020 
  0.050 
  0.100 
  0.200 
  0.300 
  0.400 
  0.500 
  0.600 
  0.700 
  0.800 
  0.900 
  1.000 
  1.200 
  1.400 
  1.600 
  1.800 
  2.000 
  2.200 
  2.400 
  2.600 
  2.800 
  3.000 
  3.200 
  3.400 
  3.600 
  3.800 
  4.000 
  4.200 
  4.400 
  4.600 
  4.800 
  5.000 
  5.200 
  5.400 
  5.600 
  5.800 
  6.000 
  6.200 
  6.400 
  6.600 
  6.800 
  7.000 
  7.200 
  7.400 
  7.600 
  7.800 
  8.000 
  8.500 
  9.000 
  9.500 
 10.000 
 10.500 
 11.000 
 11.500 
 12.000 
 12.500 
 13.000 
 13.500 
 14.000 
 14.500 
 15.000 
 16.000 
 17.000 
 18.000 
 19.000 
 20.000 
