 3.207200+4 7.130423+1          1          0          1          0323114 51    0
                                                                  323114  0    0
 3.207200+4 7.130423+1          1          0          2          0323114 52    0
                                                                  323114  0    0
 3.207200+4 7.130423+1          1          0          3          0323114 53    0
                                                                  323114  0    0
 3.207200+4 7.130423+1          1          0          1          0323114 54    0
                                                                  323114  0    0
 3.207200+4 7.130423+1          1          0          2          0323114 55    0
                                                                  323114  0    0
 3.207200+4 7.130423+1          1          0          4          0323114 56    0
                                                                  323114  0    0
 3.207200+4 7.130423+1          1          0          3          0323114 57    0
                                                                  323114  0    0
 3.207200+4 7.130423+1          1          0          1          0323114 58    0
                                                                  323114  0    0
 3.207200+4 7.130423+1          1          0          1          0323114 59    0
                                                                  323114  0    0
 3.207200+4 7.130423+1          1          0          4          0323114 60    0
                                                                  323114  0    0
 3.207200+4 7.130423+1          1          0          3          0323114 61    0
                                                                  323114  0    0
 3.207200+4 7.130423+1          1          0          4          0323114 62    0
                                                                  323114  0    0
 3.207200+4 7.130423+1          1          0          7          0323114 63    0
                                                                  323114  0    0
 3.207200+4 7.130423+1          1          0          4          0323114 64    0
                                                                  323114  0    0
 3.207200+4 7.130423+1          1          0          1          0323114 65    0
                                                                  323114  0    0
 3.207200+4 7.130423+1          1          0          1          0323114 66    0
                                                                  323114  0    0
 3.207200+4 7.130423+1          1          0          1          0323114 67    0
                                                                  323114  0    0
 3.207200+4 7.130423+1          1          0          1          0323114 68    0
                                                                  323114  0    0
 3.207200+4 7.130423+1          1          0          4          0323114 69    0
                                                                  323114  0    0
 3.207200+4 7.130423+1          1          0          4          0323114 70    0
                                                                  323114  0    0
 3.207200+4 7.130423+1          1          0          5          0323114 71    0
                                                                  323114  0    0
 3.207200+4 7.130423+1          1          0          2          0323114 72    0
                                                                  323114  0    0
 3.207200+4 7.130423+1          1          0          4          0323114 73    0
                                                                  323114  0    0
 3.207200+4 7.130423+1          1          0          5          0323114 74    0
                                                                  323114  0    0
 3.207200+4 7.130423+1          1          0          1          0323114 75    0
                                                                  323114  0    0
 3.207200+4 7.130423+1          1          0          1          0323114 76    0
                                                                  323114  0    0
 3.207200+4 7.130423+1          1          0          3          0323114 77    0
                                                                  323114  0    0
 3.207200+4 7.130423+1          1          0          4          0323114 78    0
                                                                  323114  0    0
 3.207200+4 7.130423+1          1          0          4          0323114 79    0
                                                                  323114  0    0
                                                                  3231 0  0    0
