 3.207200+4 7.130423+1          0          0          2          13231 8107    0
 3.006900+4 0.000000+0         10          0          0          03231 8107    0
 3.006900+4 4.386360+5         10          1          0          03231 8107    0
                                                                  3231 8  0    0
 3.207200+4 7.130423+1          0          0          2          13231 8111    0
 3.007100+4 0.000000+0         10          0          0          03231 8111    0
 3.007100+4 1.577000+5         10          1          0          03231 8111    0
                                                                  3231 8  0    0
 3.207200+4 7.130423+1          0          0          2          13231 8112    0
 2.906800+4 0.000000+0         10          0          0          03231 8112    0
 2.906800+4 7.212600+5         10          3          0          03231 8112    0
                                                                  3231 8  0    0
                                                                  3231 0  0    0
