 3.006400+4 6.337996+1          0          0         38          13025 8  5    0
 1.000000+0 0.000000+0          6          0          0          03025 8  5    0
 1.001000+3 0.000000+0          6          0          0          03025 8  5    0
 1.002000+3 0.000000+0          6          0          0          03025 8  5    0
 1.003000+3 0.000000+0          6          0          0          03025 8  5    0
 2.003000+3 0.000000+0          6          0          0          03025 8  5    0
 2.004000+3 0.000000+0          6          0          0          03025 8  5    0
 2.405200+4 0.000000+0          6          0          0          03025 8  5    0
 2.505400+4 0.000000+0          6          0          0          03025 8  5    0
 2.505500+4 0.000000+0          6          0          0          03025 8  5    0
 2.605400+4 0.000000+0          6          0          0          03025 8  5    0
 2.605500+4 0.000000+0          6          0          0          03025 8  5    0
 2.605600+4 0.000000+0          6          0          0          03025 8  5    0
 2.605700+4 0.000000+0          6          0          0          03025 8  5    0
 2.605800+4 0.000000+0          6          0          0          03025 8  5    0
 2.705600+4 0.000000+0          6          0          0          03025 8  5    0
 2.705700+4 0.000000+0          6          0          0          03025 8  5    0
 2.705800+4 0.000000+0          6          0          0          03025 8  5    0
 2.705800+4 2.495000+4          6          1          0          03025 8  5    0
 2.705900+4 0.000000+0          6          0          0          03025 8  5    0
 2.706000+4 0.000000+0          6          0          0          03025 8  5    0
 2.706000+4 5.859000+4          6          1          0          03025 8  5    0
 2.706100+4 0.000000+0          6          0          0          03025 8  5    0
 2.805700+4 0.000000+0          6          0          0          03025 8  5    0
 2.805800+4 0.000000+0          6          0          0          03025 8  5    0
 2.805900+4 0.000000+0          6          0          0          03025 8  5    0
 2.806000+4 0.000000+0          6          0          0          03025 8  5    0
 2.806100+4 0.000000+0          6          0          0          03025 8  5    0
 2.806200+4 0.000000+0          6          0          0          03025 8  5    0
 2.905900+4 0.000000+0          6          0          0          03025 8  5    0
 2.906000+4 0.000000+0          6          0          0          03025 8  5    0
 2.906100+4 0.000000+0          6          0          0          03025 8  5    0
 2.906200+4 0.000000+0          6          0          0          03025 8  5    0
 2.906300+4 0.000000+0          6          0          0          03025 8  5    0
 3.006000+4 0.000000+0          6          0          0          03025 8  5    0
 3.006100+4 0.000000+0          6          0          0          03025 8  5    0
 3.006200+4 0.000000+0          6          0          0          03025 8  5    0
 3.006300+4 0.000000+0          6          0          0          03025 8  5    0
 3.006400+4 0.000000+0          6          0          0          03025 8  5    0
                                                                  3025 8  0    0
                                                                  3025 0  0    0
