 1.000E-11
 2.530E-08
 1.000E-06
 1.000E-03
 2.000E-03
 5.000E-03
 1.000E-02
 2.000E-02
 5.000E-02
 1.000E-01
 2.000E-01
 3.000E-01
 4.000E-01
 5.000E-01
 6.000E-01
 7.000E-01
 8.000E-01
 9.000E-01
 1.000E+00
 1.200E+00
 1.400E+00
 1.600E+00
 1.800E+00
 2.000E+00
 2.200E+00
 2.400E+00
 2.600E+00
 2.800E+00
 3.000E+00
 3.200E+00
 3.400E+00
 3.600E+00
 3.800E+00
 4.000E+00
 4.200E+00
 4.400E+00
 4.600E+00
 4.800E+00
 5.000E+00
 5.200E+00
 5.400E+00
 5.600E+00
 5.800E+00
 6.000E+00
 6.200E+00
 6.400E+00
 6.600E+00
 6.800E+00
 7.000E+00
 7.200E+00
 7.400E+00
 7.600E+00
 7.800E+00
 8.000E+00
 8.500E+00
 9.000E+00
 9.500E+00
 1.000E+01
 1.050E+01
 1.100E+01
 1.150E+01
 1.200E+01
 1.250E+01
 1.300E+01
 1.350E+01
 1.400E+01
 1.450E+01
 1.500E+01
 1.600E+01
 1.700E+01
 1.800E+01
 1.900E+01
 2.000E+01
 2.100E+01
 2.200E+01
 2.300E+01
 2.400E+01
 2.500E+01
 2.600E+01
 2.700E+01
 2.800E+01
 2.900E+01
 3.000E+01
 3.200E+01
 3.400E+01
 3.600E+01
 3.800E+01
 4.000E+01
 4.200E+01
 4.400E+01
 4.600E+01
 4.800E+01
 5.000E+01
 5.200E+01
 5.400E+01
 5.600E+01
 5.800E+01
 6.000E+01
